#уже посчитано для участков клиента в координатах как должно быть в геоданных
union_border=[(38.324053590364436, 44.80125569721126), (38.325028129599445, 44.801244059395145), (38.32500475949873, 44.80141762291188), (38.325723436848776, 44.80139810501211), (38.325807058097105, 44.80111160795484), (38.32368606505626, 44.798828150388616), (38.322542038101325, 44.79900504491131), (38.32252876318088, 44.798831590575766), (38.322932643307745, 44.7986287318651), (38.32236868182294, 44.79713375238517), (38.32044022536299, 44.79713720648287), (38.320869090311646, 44.798251952110434), (38.31949042409535, 44.798351400547816), (38.319327824543, 44.79875384778615), (38.31963414218973, 44.800314300374694), (38.31983277608082, 44.80250353325786), (38.32070802704981, 44.80280195746109), (38.320908920265374, 44.804199031579394), (38.321538840650156, 44.80345451255993), (38.32161516066009, 44.80180528747301), (38.32238788517998, 44.80166837840979), (38.321375050817906, 44.79927702148068), (38.32253024027987, 44.80156672143066), (38.324053590364436, 44.80125569721126)]

#уже посчитано для участков клиента в координатах как получаются точки в яндекс картах
union_border=[[44.80125569721126, 38.324053590364436], [44.801244059395145, 38.325028129599445], [44.80141762291188, 38.32500475949873], [44.80139810501211, 38.325723436848776], [44.80111160795484, 38.325807058097105], [44.798828150388616, 38.32368606505626], [44.79900504491131, 38.322542038101325], [44.798831590575766, 38.32252876318088], [44.7986287318651, 38.322932643307745], [44.79713375238517, 38.32236868182294], [44.79713720648287, 38.32044022536299], [44.798251952110434, 38.320869090311646], [44.798351400547816, 38.31949042409535], [44.79875384778615, 38.319327824543], [44.800314300374694, 38.31963414218973], [44.80250353325786, 38.31983277608082], [44.80280195746109, 38.32070802704981], [44.804199031579394, 38.320908920265374], [44.80345451255993, 38.321538840650156], [44.80180528747301, 38.32161516066009], [44.80166837840979, 38.32238788517998], [44.79927702148068, 38.321375050817906], [44.80156672143066, 38.32253024027987], [44.80125569721126, 38.324053590364436]]


участок 1
23:01:0802000:1756
участок 2
23:01:0802000:1384


сенсоры
5 - 44.798443, 38.320137
10 - 44.797237, 38.320941
1 - 44.797243, 38.320812
11 - 44.803886, 38.321630
7 - 44.801587, 38.319763